-0.39866460908367585,0.6669305202106874,0.7145748311038257,0.5462564201548737,1.0457476487834338,-0.27870349788527565
-0.4624974569022581,0.780681556104405,0.7680994353166226,0.6784752646712607,1.085362538657062,-0.3769405234643313
-0.5901631525394232,0.8375570740512638,0.6763429709518242,0.6784752646712607,1.230617134860321,-0.4506182926486232
-0.6965512322370605,1.0081836278918401,0.6916357150126196,0.8106941091876476,1.1777972816954982,-0.5242960618329147
-0.7391064641161154,1.0081836278918401,-4.056761315865968,0.8106941091876476,0.992927795618611,-0.5242960618329147
-0.6752736162975328,0.7238060381575463,0.7604530632862293,0.6123658424130672,0.9401079424537883,-0.6470923438067342
-0.6965512322370605,0.7238060381575463,0.7680994353166226,0.6784752646712607,0.9533129057449977,-0.5979738310172065
-0.7603840800556427,0.8375570740512638,-4.079700431957174,0.6784752646712607,0.9797228323274016,-0.6470923438067342
-0.8454945438137527,1.0081836278918401,0.8063312954686243,0.8106941091876476,0.9401079424537883,-0.720770112991026
-0.8454945438137527,1.0081836278918401,0.7451603192254252,0.8768035314458411,1.1381823918218847,-0.7698886257805536
-0.8880497756928074,1.1219346637855576,0.7757458073470247,0.9429129537040346,0.9533129057449977,-0.7944478821753175
-0.9093273916323352,1.1219346637855576,0.7451603192254252,0.9429129537040346,0.9665178690361922,-0.7698886257805536
-0.8242169278742253,1.1219346637855576,0.7680994353166226,1.009022375962228,1.1777972816954982,-0.7698886257805536
-0.7603840800556427,1.0081836278918401,0.6686965989214221,0.9429129537040346,1.1910022449867075,-0.7453293693857899
-0.8029393119346979,1.0081836278918401,-3.949712107440365,0.9429129537040346,1.1645923184042888,-0.6962108565962623
-0.7178288481765879,1.0081836278918401,0.8216240395294283,0.9429129537040346,1.1777972816954982,-0.720770112991026
-0.7178288481765879,1.0081836278918401,0.8980877598334315,1.009022375962228,1.1777972816954982,-0.7453293693857899
-0.6327183844184779,0.8944325919981226,0.8063312954686243,1.009022375962228,1.1381823918218847,-0.671651600201498
-0.6965512322370605,0.6669305202106874,0.8522095276510279,0.7445846869294541,1.3362568411899813,-0.6470923438067342
-0.6752736162975328,0.780681556104405,0.7986849234382308,0.7445846869294541,1.3494618044811908,-0.6470923438067342
-0.6327183844184779,0.7238060381575463,0.8292704115598304,0.7445846869294541,1.204207208277917,-0.6225330874119703
-0.5263303047208406,0.6100550022638287,0.7375139471950232,0.6123658424130672,1.1910022449867075,-0.5242960618329147
-0.48377507284178584,0.6669305202106874,0.7375139471950232,0.6123658424130672,1.1777972816954982,-0.475177549043387
-0.3348317612650933,0.55317948431697,0.6763429709518242,0.48014699789668025,0.9269029791625789,-0.229584985095748
-0.3773869931441485,0.6100550022638287,0.66105022689102,0.48014699789668025,1.0589526120746433,-0.27870349788527565
-0.3773869931441485,0.3256774125295348,0.7069284590734236,0.3479281533802933,1.0325426854922244,-0.3769405234643313
-0.4199422250232033,0.43942844842325235,0.653403854860618,0.3479281533802933,1.01933772220103,-0.40149977985909513
-0.5050526887813133,0.6100550022638287,0.6916357150126196,0.48014699789668025,0.7948533462505145,-0.42605903625385894
-0.5263303047208406,0.6100550022638287,0.653403854860618,0.5462564201548737,0.8212632728329334,-0.4506182926486232
-0.5688855365998954,0.7238060381575463,0.653403854860618,0.6123658424130672,0.8740831259977562,-0.49973680543815086
-0.6114407684789506,0.8375570740512638,0.6992820870430216,0.7445846869294541,0.8212632728329334,-0.5734145746224427
-0.6965512322370605,1.0081836278918401,0.5769401345566149,0.8106941091876476,0.9136980158713695,-0.5734145746224427
-0.6752736162975328,1.0081836278918401,0.5922328786174189,0.8106941091876476,0.9401079424537883,-0.5979738310172065
-0.6752736162975328,1.0081836278918401,0.5081227862830138,0.8768035314458411,0.7024186032120635,-0.5979738310172065
-0.6539960003580053,1.0081836278918401,0.5463546464350153,0.8768035314458411,0.9401079424537883,-0.5979738310172065
-0.6539960003580053,0.9513081099449814,0.5616473904958195,0.8768035314458411,0.7420334930856918,-0.671651600201498
-0.6539960003580053,0.9513081099449814,0.6381111107998225,0.9429129537040346,0.9401079424537883,-0.6470923438067342
-0.6752736162975328,0.9513081099449814,0.7145748311038257,0.9429129537040346,1.0391451671378367,-0.6470923438067342
-0.6539960003580053,0.8944325919981226,0.7757458073470247,0.9429129537040346,1.1645923184042888,-0.671651600201498
-0.6752736162975328,0.9513081099449814,0.8369167835902325,1.009022375962228,1.2438220981515302,-0.671651600201498
-0.6327183844184779,0.9513081099449814,0.8292704115598304,1.009022375962228,1.3494618044811908,-0.671651600201498
-0.6327183844184779,0.9513081099449814,0.8369167835902325,1.0751317982204216,1.1645923184042888,-0.6962108565962623
-0.6114407684789506,0.9513081099449814,0.9057341318638336,1.0751317982204216,1.2834369880251586,-0.6962108565962623
-0.6327183844184779,0.9513081099449814,0.8980877598334315,1.0751317982204216,1.3230518778987719,-0.720770112991026
-0.6539960003580053,0.9513081099449814,0.9133805038942355,1.0751317982204216,1.389076694354804,-0.720770112991026
-0.6327183844184779,0.9513081099449814,0.9286732479550309,1.0751317982204216,1.4022816576460135,-0.720770112991026
-0.6539960003580053,1.0081836278918401,-3.8426628990147624,1.141241220478615,1.4551015108108363,-0.720770112991026
-0.5050526887813133,0.6100550022638287,0.6839893429822261,0.5462564201548737,1.0589526120746433,-0.4506182926486232
-0.39866460908367585,0.49630396637011115,-4.09499317601797,0.5462564201548737,1.1645923184042888,-0.40149977985909513
-0.6327183844184779,1.0081836278918401,0.9592587360766305,1.141241220478615,1.4683064741020457,-0.7453293693857899
-0.6752736162975328,1.0081836278918401,0.9821978521678366,1.141241220478615,1.4418965475196268,-0.7453293693857899
-0.6752736162975328,1.0650591458386989,7.451028589886503,1.141241220478615,1.4683064741020457,-0.7453293693857899
-0.6539960003580053,1.0650591458386989,0.9286732479550309,1.2073506427368086,1.4418965475196268,-0.7453293693857899
-0.7391064641161154,1.0650591458386989,0.9516123640462372,1.141241220478615,1.4418965475196268,-0.720770112991026
-0.7391064641161154,0.9513081099449814,0.875148643742234,1.009022375962228,1.4815114373932552,-0.720770112991026
-0.8454945438137527,1.1219346637855576,0.9821978521678366,1.009022375962228,1.296641951316353,-0.7698886257805536
-0.8029393119346979,1.1219346637855576,0.8675022717118319,1.141241220478615,1.4418965475196268,-0.8190071385700817
-0.8454945438137527,1.1788101817324166,1.005136968259034,1.141241220478615,1.5211263272668685,-0.8190071385700817
-0.86677215975328,1.1788101817324166,0.875148643742234,1.2073506427368086,1.5475362538492874,-0.8681256513596093
-0.8454945438137527,1.1788101817324166,0.9898442241982387,1.2073506427368086,1.389076694354804,-0.8435663949648455
-0.86677215975328,1.1788101817324166,-0.38650274127381756,1.141241220478615,1.6531759601789329,-0.8190071385700817
-0.9093273916323352,1.2356856996792753,0.9821978521678366,1.141241220478615,1.4947164006844496,-0.8926849077543731
-0.8454945438137527,1.1219346637855576,1.0510152004414377,1.141241220478615,1.5211263272668685,-0.8435663949648455
-0.86677215975328,1.1788101817324166,1.005136968259034,1.2073506427368086,1.5871511437229007,-0.8926849077543731
-0.8242169278742253,1.1788101817324166,1.142771664806245,1.141241220478615,1.5211263272668685,-0.8435663949648455
-0.86677215975328,1.1788101817324166,1.1580644088670404,1.141241220478615,1.719200776634965,-0.8190071385700817
-0.86677215975328,1.1788101817324166,1.0968934326238413,1.009022375962228,1.626766033596514,-0.7453293693857899
-0.7816616959951701,1.1219346637855576,1.005136968259034,0.9429129537040346,1.8248404829646105,-0.7698886257805536
-0.6965512322370605,0.9513081099449814,1.0280760843502403,0.8768035314458411,1.7984305563822065,-0.6470923438067342
-0.5688855365998954,0.9513081099449814,1.142771664806245,0.8768035314458411,1.7720206297997878,-0.5488553182276784
-0.5901631525394232,0.8944325919981226,1.1351252927758428,0.8106941091876476,1.5475362538492874,-0.49973680543815086
-0.6114407684789506,0.9513081099449814,0.9669051081070326,1.141241220478615,1.4286915842284174,-0.6962108565962623
-0.6327183844184779,0.9513081099449814,0.9286732479550309,1.141241220478615,1.4418965475196268,-0.720770112991026
-0.547607920660368,0.780681556104405,0.9286732479550309,0.6784752646712607,1.3494618044811908,-0.5242960618329147
-0.4199422250232033,0.55317948431697,0.8216240395294283,0.5462564201548737,1.296641951316353,-0.4506182926486232
-0.4199422250232033,0.3256774125295348,0.7757458073470247,0.41403757563848675,1.2174121715691264,-0.3769405234643313
-0.29227652938603854,0.268801894582676,0.7528066912558272,0.3479281533802933,1.01933772220103,-0.40149977985909513
-0.16461083374887378,0.04129982279524088,0.6304647387694206,0.21570930886390632,1.0457476487834338,-0.30326275428003946
-0.1007779859302912,-0.07245121309847669,0.6457574828302246,0.08349046434751937,0.8872880892889655,-0.27870349788527565
-0.1007779859302912,-0.12932673104533546,0.6228183667390185,0.0173810420893259,0.7948533462505145,-0.18046647230621995
-0.05822275405123642,-0.18620224899219426,0.4851836701918163,-0.04872838016886758,0.7288285297944823,-0.10678870312192809
-0.16461083374887378,-0.07245121309847669,0.4928300422222184,-0.11483780242706106,0.7288285297944823,-0.10678870312192809
-0.1007779859302912,0.09817534074209966,0.5234155303438179,0.0173810420893259,0.7288285297944823,-0.08222944672716472
-0.07950036999076343,-0.07245121309847669,0.5004764142526117,-0.247056646943448,0.6495987500472408,-0.08222944672716472
-0.16461083374887378,0.04129982279524088,0.5845865065870169,0.0173810420893259,0.5835739335912086,-0.13134795951669234
-0.2709989134465111,0.21192637663581723,0.5004764142526117,0.14959988660571286,0.5439590437175953,-0.2050257287009842
-0.3135541453255659,0.268801894582676,0.44695181003981477,0.2818187311220998,0.7156235665032729,-0.27870349788527565
-0.3561093772046207,0.38255293047639355,0.5310619023742199,0.3479281533802933,0.6099838601736274,-0.3278220106748037
-0.3561093772046207,0.49630396637011115,0.47753729816141427,0.5462564201548737,0.6099838601736274,-0.4506182926486232
-0.39866460908367585,0.55317948431697,0.5463546464350153,0.6123658424130672,0.8608781627065467,-0.49973680543815086
-0.4624974569022581,0.49630396637011115,-0.40944185736502375,0.6123658424130672,0.7024186032120635,-0.475177549043387
-0.48377507284178584,0.55317948431697,0.5616473904958195,0.6784752646712607,0.7948533462505145,-0.5242960618329147
-0.44121984096273065,0.6100550022638287,0.6304647387694206,0.6784752646712607,0.7684434196680956,-0.475177549043387
-0.5050526887813133,0.7238060381575463,0.5616473904958195,0.8106941091876476,0.8740831259977562,-0.49973680543815086
-0.48377507284178584,0.7238060381575463,0.7375139471950232,0.8768035314458411,0.9401079424537883,-0.5488553182276784
-0.6327183844184779,0.8944325919981226,0.9898442241982387,0.7445846869294541,1.4947164006844496,-0.475177549043387
-0.5901631525394232,0.8375570740512638,1.0663079445022419,0.7445846869294541,1.389076694354804,-0.49973680543815086
-0.6327183844184779,0.8375570740512638,0.5387082744046133,0.8768035314458411,0.7684434196680956,-0.6225330874119703
-0.6327183844184779,0.9513081099449814,-4.209688756473974,1.009022375962228,0.8476731994153373,-0.671651600201498
-0.6965512322370605,1.0081836278918401,0.6228183667390185,1.0751317982204216,0.689213639920869,-0.6962108565962623
-0.6539960003580053,0.9513081099449814,0.5845865065870169,1.0751317982204216,0.7156235665032729,-0.6962108565962623
-0.7178288481765879,0.9513081099449814,0.44695181003981477,1.0751317982204216,0.808058309541724,-0.7453293693857899
-0.6539960003580053,0.8944325919981226,0.47753729816141427,1.0751317982204216,0.7156235665032729,-0.720770112991026
-0.6752736162975328,0.9513081099449814,0.4698909261310122,0.9429129537040346,0.6099838601736274,-0.6962108565962623
-0.6752736162975328,0.9513081099449814,0.47753729816141427,1.009022375962228,0.689213639920869,-0.720770112991026
-0.7178288481765879,1.0081836278918401,0.5234155303438179,1.009022375962228,0.7684434196680956,-0.720770112991026
-0.7603840800556427,1.0650591458386989,0.5692937625262215,1.0751317982204216,0.781648382959305,-0.7453293693857899
-0.6752736162975328,0.8944325919981226,0.4545981820702168,1.0751317982204216,0.7156235665032729,-0.720770112991026
-0.6965512322370605,0.8375570740512638,0.5463546464350153,1.009022375962228,0.5703689702999991,-0.7698886257805536
-0.7044239501346855,0.7389918014493573,0.49894713984653305,1.009022375962228,0.7552384563769012,-0.8435663949648455
-0.6965512322370605,0.7238060381575463,0.5616473904958195,1.009022375962228,0.8476731994153373,-0.8435663949648455
-0.6965512322370605,0.49630396637011115,0.5540010184654174,0.6784752646712607,0.8212632728329334,-0.7944478821753175
-0.6539960003580053,-0.12932673104533546,0.599879250647821,-0.11483780242706106,0.9269029791625789,-0.720770112991026
-0.547607920660368,0.04129982279524088,0.66105022689102,0.08349046434751937,0.9665178690361922,-0.5979738310172065
-0.48377507284178584,0.04129982279524088,0.6839893429822261,0.14959988660571286,1.01933772220103,-0.5242960618329147
-0.3561093772046207,0.04129982279524088,0.7298675751646211,0.08349046434751937,1.0325426854922244,-0.4506182926486232
-0.07950036999076343,-0.5843308746202057,0.6228183667390185,-0.44538491371802846,0.8608781627065467,-0.30326275428003946
0.005610093767346142,-0.7549574284607821,0.6763429709518242,-0.511494335976222,1.0457476487834338,-0.13134795951669234
0.30349671692073044,-1.0962105361419348,0.653403854860618,-0.7759320250089958,0.7948533462505145,0.13880386082571092
0.5588281081950607,-1.2099615720356522,0.6075256226782231,-0.9081508695253828,0.9136980158713695,0.40895568116811326
-0.5050526887813133,0.780681556104405,0.6075256226782231,0.8106941091876476,0.7420334930856918,-0.5979738310172065
-0.6327183844184779,0.8375570740512638,0.5387082744046133,0.8106941091876476,0.781648382959305,-0.6225330874119703
0.6013833400741154,-1.266837089982511,0.5157691583134159,-1.1725885585581568,0.5439590437175953,0.5808704759314605
0.43116241255789556,-1.0962105361419348,0.5081227862830138,-1.0403697140417698,0.6099838601736274,0.5317519631419327
0.686493803832225,-1.0962105361419348,0.43165906597901066,-1.1725885585581568,0.5307540804263858,0.6545482451157523
0.43116241255789556,-1.039335018195076,0.4087199498878132,-1.1064791362999633,0.31947466776707983,0.5808704759314605
0.34605194879978596,-1.0962105361419348,0.43165906597901066,-1.1725885585581568,0.38549948422311203,0.4335149375628775
0.30349671692073044,-0.9255839823013584,0.38578083379660705,-0.9742602917835763,0.35908955764070816,0.3352779119838214
0.13327578940451126,-0.7549574284607821,0.36284171770540957,-0.8420414472671893,0.3326796310582893,0.21248163001000192
0.11199817346498349,-0.6412063925670645,0.3399026016142121,-0.7759320250089958,0.22703992472864382,0.16336311722047428
0.15455340534403827,-0.6980819105139233,0.24814613724940487,-0.7759320250089958,0.30626970447587043,0.16336311722047428
0.19710863722309307,-0.6412063925670645,0.3399026016142121,-0.7759320250089958,0.17422007156380606,0.21248163001000192
0.15455340534403827,-0.6412063925670645,0.2787316253710044,-0.6437131804926088,0.3326796310582893,0.16336311722047428
0.17583102128356606,-0.6412063925670645,0.27108525334060235,-0.5776037582344155,0.3326796310582893,0.16336311722047428
0.09072055752545573,-0.527455356673347,0.33225622958381007,-0.5776037582344155,0.3458845943494987,0.08968534803618242
-0.01566752217218163,-0.4705798387264882,0.31696348552300596,-0.44538491371802846,0.3458845943494987,-0.03311093393763709
-0.16461083374887378,-0.4137043207796294,0.35519534567500755,-0.3131660692016415,0.46472926397035363,-0.10678870312192809
-0.3135541453255659,-0.18620224899219426,0.4240126939486086,-0.18094722468525454,0.4779342272615631,-0.27870349788527565
-0.3561093772046207,-0.015575695151617903,0.4545981820702168,-0.04872838016886758,0.5571640070088046,-0.3769405234643313
-0.3135541453255659,-0.18620224899219426,0.41636632191821527,-0.04872838016886758,0.6495987500472408,-0.40149977985909513
-0.29227652938603854,-0.18620224899219426,0.44695181003981477,-0.11483780242706106,0.6628037133384501,-0.3523812670695675
-0.3348317612650933,-0.12932673104533546,0.5540010184654174,-0.04872838016886758,0.6628037133384501,-0.3523812670695675
-0.3135541453255659,-0.29995328488591183,0.5081227862830138,-0.04872838016886758,0.6231888234648368,-0.3278220106748037
0.050718639559144324,-0.6763554626582233,0.4974178654404544,-0.11483780242706106,0.6628037133384501,-0.3523812670695675
0.43116241255789556,-1.1530860540887935,0.5922328786174189,-1.1064791362999633,0.7156235665032729,0.45807419395764093
0.7290490357112799,-1.2099615720356522,0.4851836701918163,-1.2386979808163503,0.8212632728329334,0.7282260143000442
-0.547607920660368,0.38255293047639355,0.4851836701918163,0.48014699789668025,0.46472926397035363,-0.6470923438067342
-0.5901631525394232,0.49630396637011115,0.44695181003981477,0.5462564201548737,0.5307540804263858,-0.6225330874119703
-0.547607920660368,0.43942844842325235,0.5004764142526117,0.48014699789668025,0.7552384563769012,-0.5979738310172065
-0.5263303047208406,0.38255293047639355,0.44695181003981477,0.48014699789668025,0.6760086766296596,-0.5242960618329147
-0.39866460908367585,0.268801894582676,0.5616473904958195,0.3479281533802933,0.7420334930856918,-0.42605903625385894
-0.4199422250232033,0.3256774125295348,0.4928300422222184,0.3479281533802933,0.808058309541724,-0.3769405234643313
-0.3773869931441485,0.268801894582676,0.5310619023742199,0.2818187311220998,0.7156235665032729,-0.3523812670695675
-0.24972129750698335,0.04129982279524088,0.43165906597901066,0.2818187311220998,0.7684434196680956,-0.30326275428003946
-0.143333217809346,-0.07245121309847669,0.5234155303438179,0.08349046434751937,0.5835739335912086,-0.25414424149051185
0.23966386910214862,-0.6412063925670645,0.35519534567500755,-0.511494335976222,0.39870444751432144,0.21248163001000192
0.367329564739313,-0.6980819105139233,0.25579250927980696,-0.5776037582344155,0.29306474118467596,0.31071865558905803
0.4949952603764781,-0.8687084643544997,0.21756064912780537,-0.7098226027508023,0.3458845943494987,0.40895568116811326
0.4524400284974233,-0.8118329464076408,0.263438881310209,-0.7759320250089958,0.20062999814622492,0.4335149375628775
0.47371764443695036,-0.8687084643544997,0.15638967288459765,-0.7759320250089958,0.16101510827261162,0.40895568116811326
0.4524400284974233,-0.8687084643544997,0.10286506867180069,-0.7759320250089958,0.21383496143743436,0.4335149375628775
0.4098847966183678,-0.7549574284607821,0.21756064912780537,-0.7759320250089958,0.01576051206933784,0.4335149375628775
0.19710863722309307,-0.6412063925670645,0.1181578127325961,-0.7759320250089958,0.22703992472864382,0.23704088640476617
0.1366802079548353,-0.5883690363944326,0.15409576127547966,-0.6553484388100511,0.1596946119434922,0.19357100258603416
0.0694429415859287,-0.4705798387264882,0.17932878897580382,-0.5776037582344155,0.20062999814622492,0.13880386082571092
0.026887709706873916,-0.4137043207796294,0.30931711349260393,-0.5776037582344155,0.31947466776707983,0.11424460443094667
0.026887709706873916,-0.4137043207796294,0.30931711349260393,-0.44538491371802846,0.2666548146022571,0.04056683524665479
0.0694429415859287,-0.29995328488591183,0.20226790506700126,-0.3131660692016415,0.35908955764070816,0.04056683524665479
0.005610093767346142,-0.24307776693905303,0.36284171770540957,-0.247056646943448,0.29306474118467596,0.016007578851891413
-0.1007779859302912,-0.07245121309847669,0.25579250927980696,-0.11483780242706106,0.43831933738793477,-0.03311093393763709
-0.18588844968840118,0.04129982279524088,0.28637799740140646,0.08349046434751937,0.35908955764070816,-0.18046647230621995
-0.29227652938603854,0.15505085868895843,0.4393054380094127,0.2818187311220998,0.5571640070088046,-0.30326275428003946
-0.4624974569022581,0.3256774125295348,0.33225622958381007,0.3479281533802933,0.5703689702999991,-0.40149977985909513
-0.4624974569022581,0.38255293047639355,0.4928300422222184,0.41403757563848675,0.5835739335912086,-0.4506182926486232
-0.6114407684789506,0.55317948431697,0.46224455410061016,0.41403757563848675,0.5043441538439669,-0.5242960618329147
-0.143333217809346,-0.12932673104533546,0.37048808973581165,0.0173810420893259,0.6495987500472408,-0.2050257287009842
-0.07950036999076343,-0.24307776693905303,0.3781344617662137,-0.04872838016886758,0.4515243006791442,-0.057670190332400464
-0.9093273916323352,0.8375570740512638,0.4087199498878132,0.8768035314458411,0.42511437409674036,-0.8926849077543731
-1.0157154713299725,0.9513081099449814,0.37048808973581165,0.8768035314458411,0.2534498513110477,-0.966362676938665
-0.9731602394509175,0.8944325919981226,0.36284171770540957,0.8768035314458411,0.2666548146022571,-0.966362676938665
-1.0369930872695,0.9513081099449814,0.24814613724940487,0.8768035314458411,0.39870444751432144,-1.0400404461229564
-1.0369930872695,0.9513081099449814,0.2940243694318085,0.9429129537040346,0.27985977789346655,-1.0645997025177207
-0.9944378553904448,0.9513081099449814,0.2787316253710044,1.009022375962228,0.27985977789346655,-1.0400404461229564
-0.9731602394509175,0.9513081099449814,0.28637799740140646,0.9429129537040346,0.3458845943494987,-0.9418034205439012
-0.8454945438137527,0.8944325919981226,0.2940243694318085,0.9429129537040346,0.42511437409674036,-0.9172441641491369
-0.8454945438137527,0.8375570740512638,0.31696348552300596,0.9429129537040346,0.2534498513110477,-0.9418034205439012
-0.7816616959951701,0.780681556104405,0.36284171770540957,1.009022375962228,0.4119094108055309,-0.8926849077543731
-0.7391064641161154,0.780681556104405,0.38578083379660705,0.9429129537040346,0.4911391905527725,-0.8190071385700817
-0.6327183844184779,0.6669305202106874,0.34754897364460546,0.7445846869294541,0.4515243006791442,-0.720770112991026
-0.44121984096273065,0.43942844842325235,0.33225622958381007,0.6123658424130672,0.5835739335912086,-0.5488553182276784
-0.22844368156745595,0.15505085868895843,0.33225622958381007,0.3479281533802933,0.42511437409674036,-0.40149977985909513
-0.05822275405123642,-0.015575695151617903,0.34754897364460546,0.14959988660571286,0.3722945209319026,-0.229584985095748
0.43116241255789556,-0.527455356673347,0.33225622958381007,-0.11483780242706106,0.4779342272615631,0.08968534803618242
0.8354371154089172,-0.8687084643544997,0.37048808973581165,-0.37927549145983497,0.5175491171351764,0.35983716837858565
0.9205475791670276,-1.0962105361419348,0.2787316253710044,-0.7098226027508023,0.3458845943494987,0.6545482451157523
1.2397118182599396,-1.551214679716805,0.1487433008542043,-1.4370262475909306,0.20062999814622492,1.2439703985900863
1.4737655935947414,-1.6080901976636637,0.0034622322765914064,-1.503135669849124,-0.05026430438669434,1.4158851933534335
1.665264137050489,-1.8355922694510989,0.02640134836779756,-1.767573358881898,-0.23513379046358143,1.465003706142961
1.6227089051714343,-1.8355922694510989,-0.03476962787541016,-1.767573358881898,-0.15590401071635482,1.4158851933534335
1.4312103617156866,-1.7787167515042401,-0.027123255845008104,-1.767573358881898,-0.3671834233756458,1.3913259369586692
1.4737655935947414,-1.7218412335573814,-0.1571115803618082,-1.8336827811400915,-0.3011586069196136,1.3176481677743774
1.4099327457761595,-1.8355922694510989,-0.21828255660501591,-1.9659016256564785,-0.6444876524909839,1.5141222189324888
1.4099327457761595,-1.9493433053448164,-0.34827088112181603,-2.164229892431059,-0.5520529094525479,1.5877999881167806
1.3886551298366316,-1.8355922694510989,-0.21063618457461386,-2.164229892431059,-0.7105124689470161,1.6860370136958358
1.2822670501389943,-1.7218412335573814,-0.31003902096981445,-2.032011047914672,-0.6576926157821934,1.5877999881167806
1.0907685066832475,-1.6080901976636637,-0.32533176503061856,-1.8336827811400915,-0.6708975790734028,1.3422074241691417
1.026935658864665,-1.32371260792937,-0.287099904878617,-1.635354514365511,-0.61807772590858,1.194851885800558
0.7503266516508076,-1.1530860540887935,-0.29474627690901906,-1.3048074030745436,-0.7237174322382255,0.8755815526686279
0.6226609560136425,-0.9824595002482172,-0.25651441675701747,-1.1725885585581568,-0.6708975790734028,0.7036667579052799
0.43116241255789556,-0.8118329464076408,-0.21063618457461386,-0.9742602917835763,-0.6841025423646122,0.5317519631419327
0.38860718067884076,-0.8118329464076408,-0.2029898125442118,-0.8420414472671893,-0.6312826891997745,0.45807419395764093
0.34605194879978596,-0.6980819105139233,-0.35591725315221806,-0.7759320250089958,-0.47282312970530627,0.4335149375628775
0.26094148504167564,-0.527455356673347,-0.1418188363010128,-0.5776037582344155,-0.525642982870129,0.35983716837858565
0.15455340534403827,-0.4137043207796294,-0.10358697614901123,-0.511494335976222,-0.45961816641409686,0.23704088640476617
0.23966386910214862,-0.4137043207796294,-0.1876970684834164,-0.511494335976222,-0.49923305628771014,0.2861593991942938
0.2822191009812034,-0.4137043207796294,-0.31768539300021653,-0.44538491371802846,-0.5388479461613385,0.2861593991942938
0.2822191009812034,-0.3568288028327706,-0.35591725315221806,-0.3131660692016415,-0.7897422486942577,0.2616001427995304
1.026935658864665,-1.2099615720356522,0.30167074146221057,-0.9742602917835763,0.30626970447587043,0.9247000654581555
1.0694908907437197,-1.266837089982511,0.1487433008542043,-1.1725885585581568,0.10819525510777388,1.0720556038267384
0.2822191009812034,-0.24307776693905303,-0.4323809734562212,-0.18094722468525454,-0.8953819550239032,0.23704088640476617
0.23966386910214862,-0.24307776693905303,-0.35591725315221806,-0.18094722468525454,-0.9085869183151126,0.23704088640476617
0.21838625316262084,-0.18620224899219426,-0.40179548533462167,-0.11483780242706106,-0.9217918816063221,0.21248163001000192
0.23966386910214862,-0.12932673104533546,-0.48590557766902687,-0.04872838016886758,-1.040636551227177,0.21248163001000192
0.17583102128356606,-0.12932673104533546,-0.615893902185827,-0.11483780242706106,-1.0538415145183864,0.21248163001000192
0.17583102128356606,-0.07245121309847669,-0.623540274216229,-0.04872838016886758,-1.0802514411008053,0.18792237361523853
0.15455340534403827,-0.07245121309847669,-0.6006011581250316,-0.04872838016886758,-1.3179407803425152,0.16336311722047428
0.0694429415859287,-0.015575695151617903,-0.6617721343682306,-0.04872838016886758,-1.251915963886483,0.11424460443094667
0.09072055752545573,-0.015575695151617903,-0.6006011581250316,0.0173810420893259,-1.3971705600897568,0.08968534803618242
0.048165325646400935,0.04129982279524088,-0.5776620420338254,0.0173810420893259,-1.3839655967985474,0.06512609164141904
0.048165325646400935,-0.12932673104533546,-0.6847112504594367,-0.04872838016886758,-1.3311457436337246,0.06512609164141904
-0.036945138111708645,-0.015575695151617903,-0.615893902185827,-0.04872838016886758,-1.1858911474304508,0.016007578851891413
0.005610093767346142,-0.07245121309847669,-0.623540274216229,-0.04872838016886758,-1.3971705600897568,0.04056683524665479
0.0694429415859287,-0.07245121309847669,-0.7076503665506342,0.0173810420893259,-1.1726861841392413,0.04056683524665479
0.0694429415859287,-0.015575695151617903,-0.56236929797303,-0.18094722468525454,-1.3575556702161284,0.08968534803618242
0.13327578940451126,-0.18620224899219426,-0.6847112504594367,-0.247056646943448,-1.2651209271776924,0.13880386082571092
0.17583102128356606,-0.3568288028327706,-0.7229431106114383,-0.3131660692016415,-1.1990961107216602,0.21248163001000192
0.26094148504167564,-0.3568288028327706,-0.6006011581250316,-0.37927549145983497,-1.2123010740128697,0.31071865558905803
0.3247743328602582,-0.527455356673347,-0.6847112504594367,-0.5776037582344155,-1.2915308537600962,0.3843964247733499
0.6013833400741154,-0.8118329464076408,-0.6617721343682306,-0.7098226027508023,-1.463195376545789,0.5317519631419327
0.8141594994693901,-1.039335018195076,-0.7535285987330378,-0.3131660692016415,-1.4235804866721606,0.5808704759314605
0.9205475791670276,-1.1530860540887935,-0.8376386910674429,-0.9742602917835763,-1.4235804866721606,0.801903783484336
0.26094148504167564,-0.29995328488591183,-0.19534344051380978,-0.3131660692016415,-0.5784628360349517,0.2861593991942938
0.2822191009812034,-0.29995328488591183,-0.42473460142581915,-0.3131660692016415,-0.8821769917327088,0.2861593991942938
1.4312103617156866,-1.551214679716805,-1.0135052477666466,-1.635354514365511,-1.9913939081940464,1.5877999881167806
1.665264137050489,-1.6080901976636637,-1.1434935722834554,-1.5692450921073176,-1.9649839816116275,1.7597147828801278
1.9418731442643462,-1.7218412335573814,-1.2046645485266545,-1.767573358881898,-2.321517990474207,2.0053073468277667
2.0482612239619837,-1.8355922694510989,-1.2199572925874587,-1.767573358881898,-2.255493174018175,2.128103628801586
2.0695388399015107,-1.7787167515042401,-1.3958238492866624,-1.767573358881898,-2.493182513259885,1.9807480904330035
2.154649303659621,-1.8355922694510989,-1.3728847331954648,-1.767573358881898,-2.4799775499686754,1.9561888340382392
2.154649303659621,-1.7787167515042401,-1.3958238492866624,-1.8336827811400915,-2.704461925919191,1.9807480904330035
2.005705992082928,-1.6649657156105226,-1.4034702213170644,-1.767573358881898,-2.862921485413674,2.029866603222531
1.6227089051714343,-1.4943391617699462,-1.4187629653778597,-1.7014639366237045,-2.678051999336772,1.9561888340382392
1.5801536732923787,-1.32371260792937,-0.16475795239221025,-1.503135669849124,-2.625232146171949,1.8088332956696553
1.367377513897104,-1.1530860540887935,-1.5028730577122649,-1.370916825332737,-2.678051999336772,1.6369185009063083
1.2184342023204118,-1.039335018195076,-1.5028730577122649,-1.2386979808163503,-2.7836917056664325,1.440444449748197
1.1120461226227745,-0.9824595002482172,-6.266562832651665,-1.1725885585581568,-2.5195924398423037,1.3176481677743774
1.048213274804192,-0.9255839823013584,-1.3040673849218551,-1.0403697140417698,-2.559207329715917,1.1702926294057945
1.026935658864665,-0.8687084643544997,-1.3499456171042588,-0.9742602917835763,-2.5063874765510943,1.1457333730110302
0.9205475791670276,-0.8118329464076408,-1.2734818968002557,-0.9081508695253828,-2.3611328803478204,1.0229370910372109
0.8992699632274997,-0.8687084643544997,-1.3117137569522572,-0.8420414472671893,-2.2951080638917882,0.949259321852919
0.8354371154089172,-0.7549574284607821,-1.2199572925874587,-0.7759320250089958,-2.229083247435756,0.8755815526686279
0.7503266516508076,-0.8118329464076408,-1.1817254324354571,-0.7759320250089958,-2.1762633942709333,0.7773445270895718
0.7716042675903354,-0.7549574284607821,-1.1205544561922494,-0.7098226027508023,-2.01780383477645,0.7773445270895718
0.7716042675903354,-0.6980819105139233,-1.0746762240098457,-0.7098226027508023,-2.044213761358869,0.7527852706948084
0.7928818835298624,-0.6980819105139233,-1.0058588757362446,-0.7098226027508023,-1.978188944902837,0.7527852706948084
1.1120461226227745,-1.32371260792937,-0.8376386910674429,-1.1064791362999633,-1.6876797524962892,1.047496347431975
1.1546013545018292,-1.3805881258762287,-0.9141024113714461,-1.370916825332737,-1.832934348699563,1.3667666805639058
0.7077714197717528,-0.7549574284607821,-0.9752733876146451,-0.7098226027508023,-1.8725492385731914,0.6545482451157523
0.6013833400741154,-0.6412063925670645,-0.89116329528024,-0.6437131804926088,-1.7669095322435309,0.6054297323262247
0.4524400284974233,-0.4705798387264882,-1.0823225960402478,-0.511494335976222,-2.0045988714852556,0.4826334503524052
0.43116241255789556,-0.3568288028327706,-0.9217487834018395,-0.3131660692016415,-1.6744747892050948,0.40895568116811326
0.30349671692073044,-0.24307776693905303,-0.959980643553841,-0.247056646943448,-1.6876797524962892,0.35983716837858565
0.23966386910214862,-0.18620224899219426,-0.9293951554322415,-0.18094722468525454,-1.7669095322435309,0.31071865558905803
0.19710863722309307,-0.07245121309847669,-0.8682241791890425,0.0173810420893259,-1.7140896790787081,0.18792237361523853
0.21838625316262084,-0.12932673104533546,-0.8682241791890425,0.0173810420893259,-1.8065244221171592,0.18792237361523853
0.13327578940451126,0.04129982279524088,-0.7994068309154414,0.08349046434751937,-1.7272946423699176,0.16336311722047428
0.048165325646400935,0.15505085868895843,-0.7994068309154414,0.21570930886390632,-1.555630119584225,0.08968534803618242
-0.01566752217218163,0.268801894582676,-0.8605778071586404,0.2818187311220998,-1.5952450094578532,0.06512609164141904
0.005610093767346142,0.3256774125295348,-0.8758705512194446,0.3479281533802933,-1.555630119584225,0.06512609164141904
0.08327339194662108,0.26624249627506724,-0.7672920683877545,0.37622298610679994,-1.451310909583699,0.07838809009459118
0.15455340534403827,0.3256774125295348,-0.615893902185827,0.5462564201548737,-1.4103755233809663,0.08968534803618242
0.43116241255789556,-0.07245121309847669,-0.6541257623378285,0.21570930886390632,-1.4235804866721606,0.2861593991942938
0.6226609560136425,-0.29995328488591183,-0.5776620420338254,-0.04872838016886758,-1.2915308537600962,0.5071927067471694
0.7928818835298624,-0.527455356673347,-0.7000039945202321,-0.3131660692016415,-1.2783258904689019,0.6791075015105166
1.1333237385623023,-0.8118329464076408,-0.615893902185827,-0.511494335976222,-1.1726861841392413,0.9001408090633912
1.4950432095342692,-1.0962105361419348,-0.6464793903074352,-0.7098226027508023,-1.3575556702161284,1.1702926294057945
1.7503746008085985,-1.32371260792937,-0.7152967385810363,-0.9742602917835763,-1.43678544996337,1.4158851933534335
1.814207448627181,-1.3805881258762287,-0.7000039945202321,-1.1064791362999633,-1.3311457436337246,1.6860370136958358
0.7716042675903354,-0.7549574284607821,-0.9982125037058426,-0.7098226027508023,-1.8197293854083536,0.7282260143000442
0.7290490357112799,-0.8118329464076408,-0.959980643553841,-0.7759320250089958,-1.740499605661127,0.7036667579052799
2.0482612239619837,-1.8924677873979576,-0.9217487834018395,-1.899792203398285,-1.4896053031281928,2.0789851160120585
2.2610373833572583,-2.0062188232916753,-0.9217487834018395,-1.899792203398285,-1.7008847157874987,2.0053073468277667
2.4099806949339504,-2.119969859185393,-0.898809667310642,-1.9659016256564785,-1.8461393119907725,2.0789851160120585
2.5589240065106424,-2.176845377132252,1.9991653322110747,-2.032011047914672,-1.8065244221171592,2.128103628801586
2.622756854329225,-2.119969859185393,-0.9905661316754493,-2.032011047914672,-2.083828651232482,2.2263406543806425
2.6865897021478076,-2.176845377132252,-1.0976153401010518,-2.032011047914672,-2.01780383477645,2.27545916717017
2.6653120862082798,-2.176845377132252,-1.1893718044658503,-2.0981204701728653,-2.1894683575621428,2.3245776799596976
2.452535926813005,-2.0062188232916753,-1.08996896807065,-2.032011047914672,-2.2819031006005788,2.349136936354462
2.2610373833572583,-1.8355922694510989,-1.250542780709058,-1.9659016256564785,-2.110238577814901,2.349136936354462
2.154649303659621,-1.7787167515042401,-1.250542780709058,-1.899792203398285,-2.255493174018175,2.27545916717017
1.984428376143401,-1.551214679716805,-1.2046645485266545,-1.767573358881898,-2.2819031006005788,2.1526628851963503
1.8780402964457636,-1.4943391617699462,-1.2123109205570566,-1.767573358881898,-2.163058430979724,2.029866603222531
1.6014312892319065,-1.2099615720356522,-1.1970181764962524,-1.370916825332737,-2.13664850439732,1.784274039274892
1.4524879776552142,-1.0962105361419348,-1.1434935722834554,-1.1725885585581568,-2.1234435411061106,1.5632407317220165
1.4312103617156866,-1.0962105361419348,-1.0287979918274508,-1.0403697140417698,-2.2158782841445466,1.440444449748197
1.3886551298366316,-0.9824595002482172,-1.0746762240098457,-0.9742602917835763,-1.9385740550292236,1.3422074241691417
1.4099327457761595,-1.039335018195076,-1.1358472002530535,-1.0403697140417698,-2.0574187246500784,1.3913259369586692
1.367377513897104,-1.039335018195076,-1.08996896807065,-0.9742602917835763,-1.8857542018643858,1.3667666805639058
1.2397118182599396,-0.9824595002482172,-1.0670298519794523,-0.9081508695253828,-1.859344275281982,1.2685296549848497
1.175878970441357,-0.8687084643544997,-1.8010815668978755,-0.9081508695253828,-2.0310087980676594,1.2685296549848497
1.1120461226227745,-0.8687084643544997,-0.9523342715234476,-0.9081508695253828,-1.8065244221171592,1.194851885800558
1.814207448627181,-1.4374636438230874,-0.6847112504594367,-1.1725885585581568,-1.3839655967985474,1.7351555264853644
1.9418731442643462,-1.6649657156105226,-0.6541257623378285,-1.7014639366237045,-1.3971705600897568,2.0053073468277667
1.7503746008085985,-1.6649657156105226,-0.7229431106114383,-1.7014639366237045,-1.6084499727490627,1.9070703212487115
0.8354371154089172,-0.07245121309847669,-0.5929547860946295,-0.18094722468525454,-1.1198663309744186,1.0720556038267384
0.8141594994693901,0.04129982279524088,-0.40944185736502375,-0.04872838016886758,-1.1198663309744186,1.047496347431975
0.5588281081950607,0.21192637663581723,-0.56236929797303,0.0173810420893259,-0.9746117347711448,0.8510222962738636
0.34605194879978596,0.09817534074209966,-0.5011983217298223,-0.11483780242706106,-1.1462762575568375,0.5071927067471694
0.13327578940451126,0.268801894582676,-0.4323809734562212,0.14959988660571286,-1.040636551227177,0.2861593991942938
-0.07950036999076343,0.49630396637011115,-0.45532008954742736,0.2818187311220998,-1.0538415145183864,0.13880386082571092
-0.2709989134465111,0.6669305202106874,-0.42473460142581915,0.48014699789668025,-0.9217918816063221,-0.08222944672716472
-0.4199422250232033,0.780681556104405,-0.5088446937602243,0.8768035314458411,-1.0538415145183864,-0.42605903625385894
-0.2709989134465111,0.6100550022638287,-0.44002734548662326,0.7445846869294541,-0.9614067714799354,-0.25414424149051185
-0.22844368156745595,0.55317948431697,-0.4323809734562212,0.5462564201548737,-1.014226624644773,-0.18046647230621995
-0.3135541453255659,0.6100550022638287,-0.37885636924342425,0.48014699789668025,-0.7105124689470161,-0.2050257287009842
-0.3135541453255659,0.6100550022638287,-0.40179548533462167,0.5462564201548737,-0.829357138567871,-0.2050257287009842
-0.39866460908367585,0.6669305202106874,-0.31768539300021653,0.5462564201548737,-0.5520529094525479,-0.27870349788527565
-0.3773869931441485,0.6669305202106874,-0.21828255660501591,0.6123658424130672,-0.5520529094525479,-0.229584985095748
-0.16461083374887378,0.3256774125295348,-0.22592892863541797,0.3479281533802933,-0.6708975790734028,-0.18046647230621995
-0.143333217809346,0.268801894582676,-0.13417246427061075,0.2818187311220998,-0.45961816641409686,-0.10678870312192809
-0.20716606562792855,0.3256774125295348,-0.10358697614901123,0.2818187311220998,-0.3011586069196136,-0.057670190332400464
-0.29227652938603854,0.43942844842325235,-0.050062371936205566,0.2818187311220998,-0.1823139372987587,-0.10678870312192809
-0.3773869931441485,0.49630396637011115,-0.04241599990580352,0.2818187311220998,-0.06346926767790377,-0.2050257287009842
-0.39866460908367585,0.49630396637011115,0.02640134836779756,0.41403757563848675,-0.12949408413393595,-0.27870349788527565
-0.4624974569022581,0.6100550022638287,0.01875497633739551,0.48014699789668025,-0.1823139372987587,-0.3278220106748037
-0.44121984096273065,0.6100550022638287,-0.011830511784204004,0.5462564201548737,-0.19551890058996813,-0.30326275428003946
0.8992699632274997,-0.24307776693905303,-0.554722925942628,-0.3131660692016415,-1.0010216613535636,1.121174116616267
0.9205475791670276,-0.18620224899219426,-0.44002734548662326,-0.247056646943448,-0.9614067714799354,1.0966148602215027
-0.44121984096273065,0.7238060381575463,0.04934046445899502,0.6784752646712607,-0.12949408413393595,-0.40149977985909513
-0.4624974569022581,0.8375570740512638,-0.011830511784204004,0.7445846869294541,-0.2747486803372097,-0.49973680543815086
-0.7178288481765879,0.9513081099449814,0.0034622322765914064,0.8106941091876476,-0.2615437170460003,-0.5734145746224427
-0.7603840800556427,1.0081836278918401,0.09521869664139863,0.8106941091876476,-0.0370593410954849,-0.6225330874119703
-0.8454945438137527,1.1788101817324166,-0.04241599990580352,0.9429129537040346,-0.1823139372987587,-0.671651600201498
-0.8880497756928074,1.1788101817324166,-0.05770874396660762,1.009022375962228,-0.20872386388117756,-0.7453293693857899
-0.9093273916323352,1.1788101817324166,0.04169409242859297,1.009022375962228,-0.20872386388117756,-0.8190071385700817
-0.9731602394509175,1.2356856996792753,-0.04241599990580352,1.0751317982204216,-0.06346926767790377,-0.8681256513596093
-0.9518826235113901,1.1788101817324166,0.11051144070220274,1.0751317982204216,-0.15590401071635482,-0.8190071385700817
-0.9518826235113901,1.2356856996792753,0.12580418476299815,1.141241220478615,-0.0370593410954849,-0.8190071385700817
-0.9731602394509175,1.1788101817324166,0.02640134836779756,1.009022375962228,0.01576051206933784,-0.8435663949648455
-0.9518826235113901,1.1788101817324166,0.1487433008542043,1.009022375962228,-0.010649414513081039,-0.8190071385700817
-0.9306050075718626,1.1788101817324166,-4.699056566419601,1.009022375962228,-0.023854377804290477,-0.7944478821753175
-0.9306050075718626,1.1788101817324166,0.09521869664139863,1.009022375962228,-0.05026430438669434,-0.7944478821753175
-0.9518826235113901,1.1788101817324166,0.1487433008542043,1.141241220478615,0.0421704386517417,-0.8681256513596093
-1.0157154713299725,1.2356856996792753,0.2787316253710044,1.0751317982204216,0.27985977789346655,-0.9418034205439012
-1.0795483191485549,1.292561217626134,0.2787316253710044,1.141241220478615,0.21383496143743436,-0.966362676938665
-1.0795483191485549,1.2356856996792753,0.2328533931886008,1.0751317982204216,0.3458845943494987,-0.9909219333334288
-1.0582707032090273,1.2356856996792753,0.24814613724940487,1.0751317982204216,0.29306474118467596,-0.966362676938665
-1.0582707032090273,1.1788101817324166,0.27108525334060235,1.009022375962228,0.4515243006791442,-0.9418034205439012
-0.9944378553904448,1.1219346637855576,0.2940243694318085,1.009022375962228,0.35908955764070816,-0.8681256513596093
-0.9093273916323352,1.0081836278918401,0.3934272058270091,1.009022375962228,0.46472926397035363,-0.8435663949648455
-0.3773869931441485,0.55317948431697,0.03404772039819961,0.5462564201548737,-0.08987919426032265,-0.40149977985909513
-0.3561093772046207,0.43942844842325235,0.0034622322765914064,0.48014699789668025,-0.1823139372987587,-0.40149977985909513
-0.7391064641161154,0.8375570740512638,0.2328533931886008,0.8768035314458411,0.22703992472864382,-0.6470923438067342
-0.7178288481765879,0.780681556104405,0.25579250927980696,0.8106941091876476,0.22703992472864382,-0.5979738310172065
-0.7603840800556427,0.780681556104405,0.20991427709740332,0.6123658424130672,0.20062999814622492,-0.6225330874119703
-0.7391064641161154,0.6669305202106874,0.30167074146221057,0.5462564201548737,0.1478101449814022,-0.5979738310172065
-0.8242169278742253,0.780681556104405,0.1487433008542043,0.6123658424130672,0.2534498513110477,-0.671651600201498
-0.7391064641161154,0.7238060381575463,0.14109692882380226,0.6784752646712607,0.1874250348550155,-0.6225330874119703
-0.7816616959951701,0.7238060381575463,0.1946215330365992,0.6784752646712607,0.29306474118467596,-0.671651600201498
-0.8029393119346979,0.7238060381575463,0.1640360449149997,0.6784752646712607,0.09499029181657945,-0.6962108565962623
-0.8242169278742253,0.780681556104405,0.1640360449149997,0.6123658424130672,0.24024488801983823,-0.7453293693857899
-0.8242169278742253,0.6669305202106874,0.263438881310209,0.6123658424130672,0.2666548146022571,-0.720770112991026
-0.7816616959951701,0.6100550022638287,0.20991427709740332,0.6123658424130672,0.2666548146022571,-0.720770112991026
-0.8242169278742253,0.6669305202106874,0.40107357785741116,0.5462564201548737,0.39870444751432144,-0.720770112991026
-0.86677215975328,0.780681556104405,0.38578083379660705,0.6123658424130672,0.31947466776707983,-0.7698886257805536
-0.9093273916323352,0.8375570740512638,0.3399026016142121,0.6784752646712607,0.4779342272615631,-0.8435663949648455
-0.9306050075718626,0.780681556104405,0.4087199498878132,0.7445846869294541,0.7288285297944823,-0.8926849077543731
-0.9306050075718626,0.8375570740512638,0.4545981820702168,0.7445846869294541,0.781648382959305,-0.8681256513596093
-0.9518826235113901,1.0650591458386989,0.5310619023742199,0.8768035314458411,0.7420334930856918,-0.8190071385700817
-0.86677215975328,0.8944325919981226,0.5845865065870169,0.8106941091876476,0.781648382959305,-0.8190071385700817
-0.8242169278742253,0.7238060381575463,0.66105022689102,0.7445846869294541,0.9136980158713695,-0.8926849077543731
-0.8454945438137527,0.9513081099449814,0.5081227862830138,0.8768035314458411,0.8608781627065467,-0.8681256513596093
-0.8454945438137527,0.9513081099449814,0.5692937625262215,0.9429129537040346,0.7552384563769012,-0.9172441641491369
-0.8242169278742253,0.8944325919981226,0.653403854860618,0.8106941091876476,0.7684434196680956,-0.9172441641491369
-0.9306050075718626,1.0650591458386989,0.31696348552300596,0.9429129537040346,0.42511437409674036,-0.7944478821753175
-0.8454945438137527,0.8944325919981226,0.24049976521900285,0.8106941091876476,0.3458845943494987,-0.8926849077543731
-0.9306050075718626,1.1219346637855576,0.5769401345566149,0.8768035314458411,0.7948533462505145,-0.7453293693857899
-1.0157154713299725,1.1788101817324166,0.66105022689102,0.9429129537040346,1.01933772220103,-0.8435663949648455
-1.0369930872695,1.1788101817324166,0.6916357150126196,0.9429129537040346,0.8608781627065467,-0.8681256513596093
-1.0582707032090273,1.2356856996792753,0.6457574828302246,1.0021469960473761,0.93614645346643,-0.9057013136435982
-1.1008259350880822,1.2356856996792753,0.7298675751646211,1.009022375962228,0.8476731994153373,-0.966362676938665
-1.1008259350880822,1.2356856996792753,-4.1561641522611765,1.009022375962228,0.9533129057449977,-0.9909219333334288
-1.1433811669671374,1.2356856996792753,0.6228183667390185,1.0751317982204216,1.085362538657062,-1.0400404461229564
-1.1221035510276098,1.1219346637855576,0.66105022689102,0.9429129537040346,0.8476731994153373,-1.0891589589124846
-1.1646587829066648,1.1788101817324166,0.7145748311038257,1.009022375962228,1.0061327589098206,-1.162836728096776
-1.2072140147857195,1.2356856996792753,-4.125578664139577,1.0751317982204216,1.0589526120746433,-1.0891589589124846
-1.2497692466647747,1.2356856996792753,0.8369167835902325,1.0751317982204216,0.9797228323274016,-1.138277471702012
-1.2497692466647747,1.2356856996792753,0.6916357150126196,1.009022375962228,1.085362538657062,-1.162836728096776
-1.2072140147857195,1.0650591458386989,-1.0823225960402478,0.9429129537040346,1.1381823918218847,-1.1873959844915403
-1.2284916307252474,0.9513081099449814,0.8904413878030294,0.8768035314458411,1.2438220981515302,-1.3101922664653598
-1.2497692466647747,0.9513081099449814,0.8445631556206258,0.8106941091876476,1.230617134860321,-1.3347515228601234
-1.2284916307252474,1.0081836278918401,0.8675022717118319,0.8768035314458411,1.3362568411899813,-1.3838700356496512
-1.1859363988461922,1.0081836278918401,0.8675022717118319,0.8768035314458411,1.2702320247339491,-1.2856330100705955
-1.1433811669671374,0.9513081099449814,0.921026875924629,0.8768035314458411,1.3098469146075624,-1.211955240886304
-1.1221035510276098,0.8375570740512638,1.005136968259034,0.8106941091876476,1.5211263272668685,-1.211955240886304
-1.0582707032090273,0.8944325919981226,0.8827950157726273,0.8106941091876476,1.4286915842284174,-1.162836728096776
-1.0457169098047063,0.8543353518455873,0.7375139471950232,0.8768035314458411,1.3098469146075624,-1.1137182153072482
-1.0369930872695,0.8944325919981226,0.9669051081070326,0.8106941091876476,1.4286915842284174,-1.0891589589124846
-1.0157154713299725,0.780681556104405,0.9745514801374345,0.7445846869294541,1.4815114373932552,-1.0645997025177207
-0.9093273916323352,0.9513081099449814,0.6686965989214221,0.8768035314458411,0.9797228323274016,-0.8190071385700817
-0.86677215975328,1.0081836278918401,0.6228183667390185,0.8768035314458411,0.8212632728329334,-0.7453293693857899
-1.0157154713299725,0.8375570740512638,0.8216240395294283,0.7445846869294541,1.2834369880251586,-1.0400404461229564
-1.0157154713299725,0.8375570740512638,0.8216240395294283,0.7445846869294541,1.204207208277917,-1.0400404461229564
-0.9093273916323352,0.8944325919981226,0.8292704115598304,0.9429129537040346,0.9797228323274016,-0.9418034205439012
-0.8880497756928074,0.8944325919981226,0.7451603192254252,0.8768035314458411,1.0985675019482566,-0.8926849077543731
-0.9093273916323352,0.8375570740512638,0.6304647387694206,0.8106941091876476,1.01933772220103,-0.8926849077543731
-0.9416693678604169,0.9466443174733393,0.5792340461657416,0.8106941091876476,0.8872880892889655,-0.8926849077543731
-0.9731602394509175,1.0650591458386989,0.6228183667390185,0.9429129537040346,0.8872880892889655,-0.9172441641491369
-0.9631597599593398,1.0619309923516214,0.6128780830994984,1.0751317982204216,0.9797228323274016,-0.966362676938665
-0.9731602394509175,1.0650591458386989,0.599879250647821,1.009022375962228,0.7156235665032729,-0.9172441641491369
-0.9093273916323352,1.0650591458386989,0.5540010184654174,0.9429129537040346,0.8344682361241278,-0.8681256513596093
-0.9306050075718626,1.0650591458386989,0.5692937625262215,0.8768035314458411,0.7420334930856918,-0.8435663949648455
-0.9306050075718626,1.0081836278918401,0.5310619023742199,0.8768035314458411,0.7684434196680956,-0.8681256513596093
-0.9093273916323352,1.0081836278918401,0.5845865065870169,0.9429129537040346,0.90049305258016,-0.8926849077543731
-0.9306050075718626,1.0650591458386989,0.6228183667390185,1.009022375962228,0.8872880892889655,-0.9172441641491369
-0.9518826235113901,1.0650591458386989,0.6075256226782231,1.0751317982204216,0.9533129057449977,-0.9172441641491369
-0.9518826235113901,1.0081836278918401,-1.0440907358882463,0.8768035314458411,0.9533129057449977,-0.9418034205439012
-0.9518826235113901,0.9513081099449814,0.6686965989214221,1.009022375962228,0.7948533462505145,-0.9418034205439012
-0.9518826235113901,0.9513081099449814,0.6686965989214221,1.009022375962228,0.8476731994153373,-0.966362676938665
-1.0157154713299725,0.8944325919981226,0.6228183667390185,0.9429129537040346,0.9533129057449977,-0.966362676938665
-0.9944378553904448,1.0650591458386989,0.7604530632862293,0.9429129537040346,0.9665178690361922,-0.9418034205439012
-1.0157154713299725,1.0650591458386989,-4.0491149438355745,1.009022375962228,1.01933772220103,-0.966362676938665
-1.0369930872695,1.0650591458386989,0.7757458073470247,1.009022375962228,1.0721575753658528,-0.966362676938665
-0.9944378553904448,1.1219346637855576,0.7451603192254252,1.0751317982204216,1.1381823918218847,-0.9909219333334288
-0.9944378553904448,0.8375570740512638,0.8139776674990263,0.7445846869294541,1.4418965475196268,-1.0154811897281926
-0.9944378553904448,0.780681556104405,0.8139776674990263,0.7445846869294541,1.296641951316353,-0.9418034205439012
-1.1221035510276098,1.1788101817324166,0.7298675751646211,0.9086021635520318,1.1764767853663787,-1.0378301130474281
-1.1433811669671374,1.1788101817324166,0.6381111107998225,1.141241220478615,1.01933772220103,-1.1137182153072482
-1.1693398584133607,1.2194193015464736,0.4018382150604505,1.1125497312185593,0.90049305258016,-1.1159285483827772
-1.1859363988461922,1.2356856996792753,0.6916357150126196,1.141241220478615,0.781648382959305,-1.138277471702012
-1.2072140147857195,1.2356856996792753,0.5234155303438179,1.141241220478615,0.808058309541724,-1.162836728096776
-1.1646587829066648,1.1788101817324166,0.6304647387694206,1.144612801013783,0.772404908655469,-1.15620572887019
-1.1744464862388473,1.1781845510350013,0.5027703258617384,1.2073506427368086,0.7552384563769012,-1.162836728096776
-1.1433811669671374,1.1788101817324166,0.5387082744046133,1.0751317982204216,0.7156235665032729,-1.1873959844915403
-1.1433811669671374,1.1219346637855576,0.5157691583134159,1.1151941081088865,0.7288285297944823,-1.1802738001370587
-1.2072140147857195,1.1788101817324166,0.5463546464350153,1.141241220478615,0.7288285297944823,-1.1873959844915403
-1.1646587829066648,1.1219346637855576,0.47753729816141427,1.141241220478615,0.7024186032120635,-1.1873959844915403
-1.1859363988461922,1.1219346637855576,0.38578083379660705,1.082668272357856,0.6641242096675696,-1.214656759089728
-1.2497692466647747,1.1219346637855576,0.4928300422222184,1.009022375962228,0.6231888234648368,-1.2856330100705955
-1.2072140147857195,1.0650591458386989,0.44695181003981477,1.0751317982204216,0.6628037133384501,-1.2365144972810678
-1.1859363988461922,1.1219346637855576,0.40107357785741116,1.0914608255181952,0.6007403858697763,-1.218831832676838
-1.1646587829066648,1.1788101817324166,0.3781344617662137,1.141241220478615,0.4779342272615631,-1.1873959844915403
-1.1859363988461922,1.1219346637855576,0.47753729816141427,1.0751317982204216,0.7024186032120635,-1.1873959844915403
-1.1859363988461922,1.0650591458386989,6.984599896032074,1.009022375962228,0.7684434196680956,-1.211955240886304
-1.1859363988461922,1.0081836278918401,0.4851836701918163,0.9429129537040346,0.6231888234648368,-1.2365144972810678
-1.1208268940712383,1.002325449543314,0.1969154446457259,1.009022375962228,0.7420334930856918,-1.138277471702012
-1.0582707032090273,0.9513081099449814,-4.247920616625976,0.8768035314458411,0.7948533462505145,-1.0645997025177207
-1.0369930872695,0.9513081099449814,-0.29474627690901906,0.8768035314458411,0.5703689702999991,-1.0400404461229564
-0.9518826235113901,0.7238060381575463,0.324609857553408,0.7344038359016926,0.6390347794142852,-1.0292343733092606
-0.9518826235113901,0.6100550022638287,0.4851836701918163,0.6123658424130672,0.7024186032120635,-1.0645997025177207
-0.9731602394509175,0.55317948431697,0.40107357785741116,0.6358346873147261,0.6073428675153886,-1.0506009263727052
-0.9944378553904448,0.6100550022638287,0.4240126939486086,0.5462564201548737,0.39870444751432144,-1.0645997025177207
-1.0157154713299725,1.1219346637855576,0.6916357150126196,1.0751317982204216,0.9136980158713695,-1.0400404461229564
-1.0369930872695,1.1219346637855576,0.5769401345566149,1.0751317982204216,0.8476731994153373,-1.0154811897281926
-1.0369930872695,0.8375570740512638,0.41636632191821527,0.9747115858102253,0.6522397427054796,-1.0984914763424949
-1.0582707032090273,0.8944325919981226,0.3781344617662137,0.8768035314458411,0.39870444751432144,-1.138277471702012
-1.0795483191485549,0.8944325919981226,0.27108525334060235,0.8768035314458411,0.3458845943494987,-1.1873959844915403
-0.9518826235113901,0.7238060381575463,0.22520702115820743,0.8106941091876476,0.39870444751432144,-1.0891589589124846
-0.8454945438137527,0.6100550022638287,0.2328533931886008,0.8106941091876476,0.29306474118467596,-0.9909219333334288
-0.7816616959951701,0.55317948431697,0.15638967288459765,0.6784752646712607,0.1478101449814022,-0.8435663949648455
-0.6752736162975328,0.38255293047639355,0.14109692882380226,0.41403757563848675,0.06858036523416057,-0.7698886257805536
-0.6114407684789506,0.38255293047639355,0.24814613724940487,0.41403757563848675,0.09499029181657945,-0.6962108565962623
-0.547607920660368,0.3256774125295348,0.1640360449149997,0.41403757563848675,0.1478101449814022,-0.671651600201498
-0.5595233855865036,0.3221511304168297,-0.052356283545323574,0.3479281533802933,0.16101510827261162,-0.5488553182276784
-0.547607920660368,0.21192637663581723,0.20226790506700126,0.3479281533802933,0.1478101449814022,-0.5488553182276784
-0.5901631525394232,0.3256774125295348,0.24049976521900285,0.2818187311220998,0.2666548146022571,-0.5488553182276784
-0.5901631525394232,0.3256774125295348,0.33225622958381007,0.2818187311220998,0.27985977789346655,-0.5979738310172065
-0.5688855365998954,0.43942844842325235,0.36284171770540957,0.41403757563848675,0.27985977789346655,-0.5979738310172065
-0.6114407684789506,0.49630396637011115,0.2940243694318085,0.5462564201548737,0.38549948422311203,-0.6225330874119703
-0.6327183844184779,0.49630396637011115,-0.4476737175170253,0.41403757563848675,0.3722945209319026,-0.671651600201498
-0.6752736162975328,0.49630396637011115,0.36284171770540957,0.6123658424130672,0.5439590437175953,-0.6962108565962623
-0.8029393119346979,0.55317948431697,0.4240126939486086,0.6123658424130672,0.46472926397035363,-0.8435663949648455
-0.86677215975328,0.6669305202106874,0.35519534567500755,0.7445846869294541,0.5835739335912086,-0.9172441641491369
-1.0157154713299725,0.780681556104405,0.47753729816141427,0.7445846869294541,0.6363937867560313,-0.966362676938665
-1.0795483191485549,0.8944325919981226,0.5004764142526117,0.8768035314458411,0.6495987500472408,-1.0645997025177207
-1.1221035510276098,0.8944325919981226,0.4240126939486086,0.8768035314458411,0.5307540804263858,-1.0891589589124846
-1.1646587829066648,1.0081836278918401,0.5004764142526117,1.009022375962228,0.4911391905527725,-1.211955240886304
-1.0157154713299725,0.7238060381575463,0.44695181003981477,0.6784752646712607,0.6099838601736274,-1.162836728096776
-1.0157154713299725,0.780681556104405,0.43165906597901066,0.7445846869294541,0.6363937867560313,-1.1137182153072482
-1.0369930872695,0.8944325919981226,-5.448401025398828,0.8768035314458411,0.35908955764070816,-1.1873959844915403
-1.271046862604302,1.0081836278918401,0.43165906597901066,1.009022375962228,0.5571640070088046,-1.2856330100705955
-1.356157326362412,1.1219346637855576,0.4698909261310122,1.0751317982204216,0.4779342272615631,-1.408429292044415
-1.3774349423019394,1.1219346637855576,0.3934272058270091,1.141241220478615,0.6099838601736274,-1.457547804833943
-1.3774349423019394,1.0650591458386989,0.38578083379660705,1.0751317982204216,0.596778896882418,-1.408429292044415
-1.4199901741809942,1.0650591458386989,0.46224455410061016,1.141241220478615,0.4515243006791442,-1.5066663176234707
-1.441267790120522,1.0650591458386989,0.33225622958381007,1.2073506427368086,0.38549948422311203,-1.5557848304129986
-1.4625454060600493,1.0650591458386989,0.3781344617662137,1.141241220478615,0.3326796310582893,-1.5803440868077625
-1.505100637939104,1.1219346637855576,0.3934272058270091,1.141241220478615,0.4119094108055309,-1.5803440868077625
-1.505100637939104,1.0650591458386989,0.2940243694318085,1.141241220478615,0.4911391905527725,-1.6294625995972902
-1.5476558698181593,1.1219346637855576,0.40107357785741116,1.2073506427368086,0.3458845943494987,-1.6785811123868182
-1.5476558698181593,1.1219346637855576,0.4928300422222184,1.2073506427368086,0.5307540804263858,-1.703140368781582
-1.5689334857576867,1.1219346637855576,0.36284171770540957,1.2073506427368086,0.39870444751432144,-1.7522588815711095
-1.5902111016972142,1.1788101817324166,0.38578083379660705,1.273460064995002,0.4515243006791442,-1.727699625176346
-1.5689334857576867,1.292561217626134,0.40107357785741116,1.273460064995002,0.4911391905527725,-1.6049033432025264
-1.441267790120522,1.2356856996792753,0.47753729816141427,1.2073506427368086,0.6231888234648368,-1.5066663176234707
-1.2923244785438295,1.1219346637855576,0.46224455410061016,1.141241220478615,0.689213639920869,-1.3838700356496512
-1.2923244785438295,1.1219346637855576,0.46224455410061016,1.009022375962228,0.6231888234648368,-1.2856330100705955
-1.0157154713299725,0.780681556104405,0.4393054380094127,0.9429129537040346,0.7156235665032729,-1.138277471702012
-0.5901631525394232,0.43942844842325235,0.4545981820702168,0.8106941091876476,0.7156235665032729,-0.9172441641491369
-0.24972129750698335,0.09817534074209966,0.44695181003981477,0.5462564201548737,0.689213639920869,-0.6962108565962623
-0.07950036999076343,-0.015575695151617903,0.44695181003981477,0.41403757563848675,0.46472926397035363,-0.4506182926486232
0.34605194879978596,-0.527455356673347,0.4087199498878132,0.0173810420893259,0.3722945209319026,-0.08222944672716472
-1.2284916307252474,1.0081836278918401,0.43165906597901066,1.141241220478615,0.5307540804263858,-1.3347515228601234
-1.2284916307252474,1.0081836278918401,0.47753729816141427,1.0751317982204216,0.5439590437175953,-1.2856330100705955
0.6439385719531703,-1.0962105361419348,0.17932878897580382,-1.1064791362999633,0.2666548146022571,0.7036667579052799
0.8779923472879727,-1.4374636438230874,0.1640360449149997,-1.3048074030745436,0.10819525510777388,0.6299889887209889
0.7503266516508076,-1.3805881258762287,0.1640360449149997,-1.370916825332737,0.01576051206933784,0.7527852706948084
0.9843804269856101,-1.6649657156105226,-0.04241599990580352,-1.5692450921073176,-0.12949408413393595,0.7036667579052799
0.9418251951065545,-1.8355922694510989,-0.027123255845008104,-1.7014639366237045,-0.1426990474251454,0.7527852706948084
0.9631028110460823,-1.7787167515042401,-0.07300148802741172,-1.7014639366237045,-0.12949408413393595,0.7282260143000442
1.3035446660785222,-1.8924677873979576,-0.14946520833141486,-1.7014639366237045,-0.4860280929965157,0.9001408090633912
0.9631028110460823,-1.7218412335573814,-0.08064786005780508,-1.767573358881898,-0.32756853350203247,0.8755815526686279
0.7503266516508076,-1.4374636438230874,-0.18005069645301436,-1.7014639366237045,-0.39359334995806466,0.801903783484336
0.665216187892698,-1.3805881258762287,-0.1265260922402087,-1.5692450921073176,-0.5124380195789195,0.7282260143000442
0.5375504922555329,-1.32371260792937,-0.08829423208820714,-1.503135669849124,-0.3011586069196136,0.6545482451157523
0.47371764443695036,-1.1530860540887935,-0.1418188363010128,-1.370916825332737,-0.3803883866668552,0.5317519631419327
0.26094148504167564,-0.8118329464076408,-0.07300148802741172,-1.1725885585581568,-0.15590401071635482,0.40895568116811326
0.09072055752545573,-0.5843308746202057,-0.03476962787541016,-0.7098226027508023,-0.23513379046358143,0.21248163001000192
0.026887709706873916,-0.4137043207796294,0.1487433008542043,-0.44538491371802846,-0.023854377804290477,0.04056683524665479
0.0694429415859287,-0.4705798387264882,0.04934046445899502,-0.511494335976222,-0.11628912084272651,0.016007578851891413
0.09072055752545573,-0.4705798387264882,0.1334505567934002,-0.44538491371802846,0.08178532852537002,0.06512609164141904
0.048165325646400935,-0.4137043207796294,0.10286506867180069,-0.44538491371802846,-0.0370593410954849,0.016007578851891413
0.026887709706873916,-0.29995328488591183,0.1946215330365992,-0.35197230006720126,0.07122135789239946,0.0194458747471582
0.026887709706873916,-0.24307776693905303,0.24814613724940487,-0.3131660692016415,0.13460518169019275,0.016007578851891413
0.026887709706873916,-0.18620224899219426,0.20991427709740332,-0.18094722468525454,0.16101510827261162,-0.008551677542872836
0.005610093767346142,-0.18620224899219426,0.10286506867180069,-0.18094722468525454,0.028965475360547274,-0.057670190332400464
0.47371764443695036,-0.527455356673347,0.31696348552300596,-0.18094722468525454,0.5175491171351764,0.18792237361523853
0.5162728763160052,-0.7549574284607821,0.27108525334060235,-0.511494335976222,0.1874250348550155,0.4826334503524052
-0.036945138111708645,-0.18620224899219426,0.24049976521900285,-0.11483780242706106,0.20062999814622492,-0.08222944672716472
-0.05822275405123642,-0.18620224899219426,0.263438881310209,-0.11483780242706106,0.21383496143743436,-0.08222944672716472
-0.1220556018698186,0.09817534074209966,0.1854458866001185,0.0173810420893259,0.22703992472864382,-0.13134795951669234
-0.1007779859302912,0.04129982279524088,0.17932878897580382,0.07806949172234794,0.1029132697912961,-0.14239962489433608
-0.143333217809346,0.15505085868895843,0.20226790506700126,0.12527161921469798,0.06461887624680225,-0.17629139871911023
-0.143333217809346,-0.07245121309847669,0.07227958055020117,0.21570930886390632,0.10819525510777388,-0.18046647230621995
-0.16461083374887378,0.04129982279524088,0.08757232461099658,0.14959988660571286,-0.023854377804290477,-0.2050257287009842
-0.22844368156745595,0.04129982279524088,0.15638967288459765,0.0173810420893259,0.0025555487781283993,-0.25414424149051185
-0.16461083374887378,0.04129982279524088,-0.6082475301554336,0.08349046434751937,-0.06346926767790377,-0.25414424149051185
-0.18588844968840118,0.15505085868895843,0.18697516100620587,0.21570930886390632,-0.023854377804290477,-0.25414424149051185
-0.2709989134465111,0.21192637663581723,0.11051144070220274,0.21570930886390632,0.0421704386517417,-0.25414424149051185
-0.25865789620158525,0.21340514010243533,0.1074528918900367,0.2818187311220998,0.16101510827261162,-0.27870349788527565
-0.3135541453255659,0.268801894582676,0.1181578127325961,0.2818187311220998,0.22703992472864382,-0.30326275428003946
-0.3561093772046207,0.09817534074209966,0.1640360449149997,0.14959988660571286,0.13460518169019275,-0.3278220106748037
-0.22844368156745595,0.04129982279524088,0.22520702115820743,0.08349046434751937,0.3458845943494987,-0.30326275428003946
-0.2709989134465111,-0.015575695151617903,0.2328533931886008,0.08349046434751937,0.42511437409674036,-0.30326275428003946
-0.1220556018698186,-0.015575695151617903,0.25579250927980696,0.08349046434751937,0.1874250348550155,-0.2050257287009842
-0.1220556018698186,0.04129982279524088,0.263438881310209,0.08349046434751937,0.24024488801983823,-0.15590721591145615
-0.07950036999076343,-0.015575695151617903,0.38578083379660705,0.0173810420893259,0.35908955764070816,-0.08222944672716472
0.005610093767346142,-0.24307776693905303,0.27108525334060235,-0.04872838016886758,0.4515243006791442,-0.03311093393763709
0.13327578940451126,-0.3568288028327706,0.30931711349260393,-0.18094722468525454,0.43831933738793477,0.04056683524665479
0.21838625316262084,-0.4137043207796294,0.27108525334060235,-0.3131660692016415,0.2534498513110477,0.16336311722047428
0.47371764443695036,-0.8118329464076408,0.2787316253710044,-0.5776037582344155,0.24024488801983823,0.3352779119838214
-0.01566752217218163,-0.24307776693905303,0.15638967288459765,-0.18094722468525454,0.16101510827261162,-0.08222944672716472
-0.01566752217218163,-0.24307776693905303,0.17932878897580382,-0.18094722468525454,0.16101510827261162,-0.08222944672716472
0.856714731348445,-1.1530860540887935,0.11051144070220274,-1.1064791362999633,0.028965475360547274,0.9001408090633912
0.8354371154089172,-1.266837089982511,0.02640134836779756,-1.3048074030745436,-0.12949408413393595,0.9247000654581555
0.9631028110460823,-1.32371260792937,-0.04241599990580352,-1.3048074030745436,-0.2879536436284192,0.8755815526686279
0.856714731348445,-1.266837089982511,-0.1265260922402087,-1.370916825332737,-0.1823139372987587,0.9247000654581555
1.0056580429251372,-1.32371260792937,-0.14946520833141486,-1.2386979808163503,-0.2879536436284192,0.8264630398790994
0.8779923472879727,-1.3805881258762287,-0.06535511599700967,-1.4370262475909306,-0.4860280929965157,0.9001408090633912
0.8354371154089172,-1.266837089982511,-0.09594060411860918,-1.370916825332737,-0.4464132031228874,0.8755815526686279
0.8460759233786811,-1.2601257788647817,-0.16705186400132827,-1.370916825332737,-0.49923305628771014,0.9001408090633912
0.9418251951065545,-1.266837089982511,-0.18005069645301436,-1.2386979808163503,-0.47282312970530627,0.9738185782476831
0.856714731348445,-1.1530860540887935,-0.1724043244226123,-1.2386979808163503,-0.43320823983167794,0.9247000654581555
0.7928818835298624,-1.039335018195076,-0.21063618457461386,-1.2386979808163503,-0.5388479461613385,0.8755815526686279
0.7928818835298624,-1.0962105361419348,-0.19534344051380978,-1.1725885585581568,-0.6444876524909839,0.8264630398790994
0.6439385719531703,-0.9255839823013584,-0.14946520833141486,-0.9081508695253828,-0.5916677993261612,0.6299889887209889
0.5375504922555329,-0.8687084643544997,-4.936094099362004,-0.8420414472671893,-0.4067983132492741,0.5071927067471694
0.43116241255789556,-0.6980819105139233,-0.2029898125442118,-0.8420414472671893,-0.49923305628771014,0.4826334503524052
0.367329564739313,-0.6980819105139233,-0.21063618457461386,-0.8420414472671893,-0.4067983132492741,0.45807419395764093
0.34605194879978596,-0.5843308746202057,-0.03476962787541016,-0.7098226027508023,-0.4067983132492741,0.3843964247733499
0.26094148504167564,-0.527455356673347,-0.06535511599700967,-0.6437131804926088,-0.39359334995806466,0.31071865558905803
0.30349671692073044,-0.4705798387264882,-0.1265260922402087,-0.5776037582344155,-0.3803883866668552,0.31071865558905803
0.5375504922555329,-0.8687084643544997,0.15638967288459765,-0.7759320250089958,0.2534498513110477,0.4826334503524052
0.7290490357112799,-1.0962105361419348,0.12580418476299815,-1.0403697140417698,-0.05026430438669434,0.7036667579052799
0.7928818835298624,-1.039335018195076,-0.34062450909142267,-1.1725885585581568,-0.6048727626173707,0.8755815526686279
0.856714731348445,-1.039335018195076,-0.26416078878741955,-1.1064791362999633,-0.6048727626173707,0.8510222962738636
0.7928818835298624,-1.0962105361419348,-0.34062450909142267,-1.1064791362999633,-0.6973075056558067,0.801903783484336
0.8141594994693901,-0.9824595002482172,-0.23357530066581134,-1.0403697140417698,-0.7105124689470161,0.7773445270895718
0.7928818835298624,-0.9824595002482172,-0.25651441675701747,-0.9742602917835763,-0.5745013470475934,0.7282260143000442
0.7290490357112799,-0.8687084643544997,-0.1571115803618082,-0.7759320250089958,-0.61807772590858,0.6791075015105166
0.6226609560136425,-0.6412063925670645,-0.2029898125442118,-0.6437131804926088,-0.5916677993261612,0.6299889887209889
0.5588281081950607,-0.527455356673347,-0.21063618457461386,-0.5776037582344155,-0.32756853350203247,0.556311219536697
0.4949952603764781,-0.4705798387264882,-0.16475795239221025,-0.44538491371802846,-0.39359334995806466,0.5071927067471694
0.4524400284974233,-0.29995328488591183,-0.06535511599700967,-0.3131660692016415,-0.3803883866668552,0.40895568116811326
0.4524400284974233,-0.3568288028327706,-0.16475795239221025,-0.3131660692016415,-0.31436357021082306,0.40895568116811326
0.367329564739313,-0.18620224899219426,-0.027123255845008104,-0.247056646943448,-0.22192882717238702,0.40895568116811326
0.34605194879978596,-0.12932673104533546,-0.05770874396660762,-0.18094722468525454,-0.39359334995806466,0.3843964247733499
0.23966386910214862,-0.015575695151617903,-0.10358697614901123,0.0173810420893259,-0.19551890058996813,0.18792237361523853
0.19710863722309307,0.04129982279524088,0.011108604306993458,0.08349046434751937,-0.2747486803372097,0.18792237361523853
0.13327578940451126,0.04129982279524088,-0.004184139753801952,0.21570930886390632,-0.10308415755151708,0.11424460443094667
0.13327578940451126,0.15505085868895843,0.01875497633739551,0.21570930886390632,-0.11628912084272651,0.13880386082571092
0.11199817346498349,0.21192637663581723,0.0034622322765914064,0.2818187311220998,-0.10308415755151708,0.13880386082571092
0.15455340534403827,0.15505085868895843,-0.10358697614901123,0.2818187311220998,-0.15590401071635482,0.13880386082571092
0.13327578940451126,0.268801894582676,-0.1418188363010128,0.41403757563848675,-0.42000327654048353,0.08968534803618242
0.0694429415859287,0.3256774125295348,-0.07300148802741172,0.41403757563848675,-0.3671834233756458,0.08968534803618242
0.026887709706873916,0.43942844842325235,-0.08829423208820714,0.48014699789668025,-0.20872386388117756,0.016007578851891413
0.026887709706873916,0.38255293047639355,-0.1265260922402087,0.41403757563848675,-0.3011586069196136,0.06512609164141904
0.005610093767346142,0.43942844842325235,-0.1265260922402087,0.41403757563848675,-0.31436357021082306,0.06512609164141904
0.048165325646400935,0.38255293047639355,-0.11123334817941329,0.41403757563848675,-0.3011586069196136,0.04056683524665479
-0.036945138111708645,0.49630396637011115,-0.050062371936205566,0.5462564201548737,-0.2879536436284192,-0.057670190332400464
-0.036945138111708645,0.43942844842325235,-0.027123255845008104,0.6123658424130672,-0.31436357021082306,-0.03311093393763709
-0.1220556018698186,0.55317948431697,-0.03476962787541016,0.6784752646712607,-0.3407734967932419,-0.13134795951669234
-0.07950036999076343,0.55317948431697,-0.04241599990580352,1.0751317982204216,-0.23513379046358143,-0.2050257287009842
-0.036945138111708645,0.55317948431697,0.02640134836779756,0.9429129537040346,-0.3671834233756458,-0.15590721591145615
-0.01566752217218163,0.55317948431697,-0.08064786005780508,0.7445846869294541,-0.3407734967932419,-0.057670190332400464
0.0694429415859287,0.43942844842325235,-0.03476962787541016,0.48014699789668025,-0.2615437170460003,0.11424460443094667
0.38860718067884076,-0.07245121309847669,-0.09594060411860918,0.21570930886390632,-0.22192882717238702,0.2616001427995304
0.686493803832225,-0.3568288028327706,-0.07300148802741172,0.0173810420893259,-0.31436357021082306,0.45807419395764093
0.8779923472879727,-0.5843308746202057,-0.027123255845008104,-0.247056646943448,-0.16910897400754926,0.6791075015105166
1.2397118182599396,-0.9255839823013584,-0.004184139753801952,-0.44538491371802846,-0.2615437170460003,0.8755815526686279
1.367377513897104,-0.8118329464076408,-0.06535511599700967,0.14959988660571286,-0.24833875375479086,0.9738185782476831
1.7078193689295438,-1.266837089982511,-0.1876970684834164,-0.8420414472671893,-0.2879536436284192,1.293088911379614
0.13327578940451126,0.09817534074209966,0.01875497633739551,0.14959988660571286,-0.023854377804290477,0.11424460443094667
0.13327578940451126,0.09817534074209966,-0.03476962787541016,0.21570930886390632,-0.07667423096911322,0.13880386082571092
2.0908164558410385,-1.6080901976636637,-0.25651441675701747,-1.503135669849124,-0.5124380195789195,2.029866603222531
2.2397597674177305,-1.7787167515042401,-0.34062450909142267,-1.5692450921073176,-0.7105124689470161,2.128103628801586
2.0695388399015107,-1.6080901976636637,-0.36356362518262014,-1.1725885585581568,-0.7105124689470161,1.8333925520644196
2.2184821514782027,-1.8355922694510989,-0.3023926489394211,-1.5692450921073176,-0.829357138567871,2.103544372406823
2.2397597674177305,-1.8355922694510989,-0.5011983217298223,-1.767573358881898,-0.7765372854030482,2.1526628851963503
2.303592615236313,-1.8924677873979576,-0.39414911330421964,-1.899792203398285,-1.0010216613535636,2.2508999107754057
2.2610373833572583,-1.9493433053448164,-0.554722925942628,-2.032011047914672,-0.8161521752766766,2.27545916717017
2.026983608022456,-1.8924677873979576,-0.45532008954742736,-2.032011047914672,-1.0670464778095958,2.2263406543806425
2.0482612239619837,-1.8924677873979576,-0.4935519496994289,-2.032011047914672,-1.1198663309744186,2.27545916717017
1.984428376143401,-1.8924677873979576,-0.5164910657906264,-2.0981204701728653,-0.9614067714799354,2.1526628851963503
1.7078193689295438,-1.551214679716805,0.9057341318638336,-1.8336827811400915,-1.0934564043919996,1.9070703212487115
1.4524879776552142,-1.266837089982511,-0.4935519496994289,-1.503135669849124,-1.0274315879359674,1.6614777573010726
1.2184342023204118,-1.2099615720356522,-0.554722925942628,-1.3048074030745436,-0.9349968448975315,1.3667666805639058
0.9631028110460823,-0.8687084643544997,-0.38650274127381756,-0.9742602917835763,-0.8689720284414993,1.0720556038267384
0.8141594994693901,-0.7549574284607821,-0.47061283360822276,-0.7098226027508023,-0.7765372854030482,0.9001408090633912
0.7077714197717528,-0.5843308746202057,-0.37885636924342425,-0.7098226027508023,-0.9217918816063221,0.801903783484336
0.6439385719531703,-0.527455356673347,-0.40944185736502375,-0.44538491371802846,-0.7897422486942577,0.6545482451157523
0.5428698962404145,-0.3774746158474803,-0.454555452344388,-0.37927549145983497,-0.8161521752766766,0.6299889887209889
0.4524400284974233,-0.24307776693905303,-0.34827088112181603,-0.247056646943448,-0.8161521752766766,0.5071927067471694
0.30349671692073044,-0.07245121309847669,-0.40179548533462167,-0.11483780242706106,-0.8689720284414993,0.45807419395764093
0.3247743328602582,-0.12932673104533546,-0.40944185736502375,-0.11483780242706106,-0.9878166980623543,0.4335149375628775
0.3247743328602582,-0.12932673104533546,-5.257241724638821,-0.04872838016886758,-0.7765372854030482,0.35983716837858565
1.7290969848690716,-1.4374636438230874,-0.13417246427061075,-0.9081508695253828,-0.2747486803372097,1.3667666805639058
1.9205955283248184,-1.551214679716805,-0.19534344051380978,-1.1725885585581568,-0.31436357021082306,1.6614777573010726
2.3195508271909584,-2.0062188232916753,-0.42244068981670113,-1.8227747264674896,-0.7950242340107355,2.1627321803182036
2.856810629664027,-2.5180984848134043,-0.6617721343682306,-2.4947770037220263,-1.2783258904689019,2.7175257822759202
2.792977781845445,-2.6318495207071217,-0.6006011581250316,-2.7592146927548002,-1.2651209271776924,2.9631183462235593
3.00575394124072,-2.5749740027602632,-0.7305894826418317,-2.7592146927548002,-1.43678544996337,3.0613553718026147
3.0908644049988294,-2.6887250386539807,-0.7076503665506342,-2.8253241150129935,-1.4896053031281928,3.085914628197379
3.2398077165755215,-2.6887250386539807,-5.540157489763636,-2.8914335372711872,-1.43678544996337,3.1841516537764343
3.3461957962731597,-2.802476074547698,-0.7688213427938332,-3.0236523817875742,-1.555630119584225,3.2823886793554893
3.4100286440917413,-2.802476074547698,-0.7917604588850393,-3.0236523817875742,-1.6612698259138854,3.257829422960726
3.154697252817412,-2.7456005566008392,-0.7994068309154414,-3.0236523817875742,-1.4896053031281928,3.2823886793554893
2.792977781845445,-2.5180984848134043,-0.7994068309154414,-2.8253241150129935,-1.4896053031281928,3.03679611540785
2.6440344702687524,-2.4612229668665453,-0.7382358546722337,-2.8253241150129935,-1.3971705600897568,2.938559089828795
2.49509115869206,-2.2905964130259693,-0.7688213427938332,-2.6931052704966065,-1.4103755233809663,2.8403220642497398
2.2184821514782027,-1.9493433053448164,-0.7611749707634399,-2.164229892431059,-1.2387110005952735,2.3000184235649335
1.814207448627181,-1.7787167515042401,-0.7535285987330378,-2.032011047914672,-1.3311457436337246,2.029866603222531
1.6227089051714343,-1.6080901976636637,-0.6617721343682306,-1.767573358881898,-1.1858911474304508,1.7351555264853644
1.4524879776552142,-1.4374636438230874,-0.6770648784290347,-1.503135669849124,-1.1990961107216602,1.5141222189324888
1.3035446660785222,-1.32371260792937,-0.5011983217298223,-1.4370262475909306,-1.1858911474304508,1.3667666805639058
1.2609894341994665,-1.32371260792937,-0.5317838098514305,-1.3048074030745436,-1.1198663309744186,1.293088911379614
1.1971565863808848,-1.266837089982511,-0.5394301818818238,-1.3048074030745436,-0.948201808188741,1.2439703985900863
1.2184342023204118,-1.32371260792937,-0.554722925942628,-1.3048074030745436,-1.133071294265628,1.2685296549848497
1.175878970441357,-1.266837089982511,-0.4476737175170253,-1.3048074030745436,-0.948201808188741,1.2194111421953222
1.1333237385623023,-1.2099615720356522,-0.5011983217298223,-1.370916825332737,-0.9085869183151126,1.2194111421953222
1.0907685066832475,-1.0962105361419348,-0.554722925942628,-1.3048074030745436,-0.9878166980623543,1.1702926294057945
2.32487023117584,-2.0062188232916753,-0.5164910657906264,-1.9659016256564785,-1.0010216613535636,2.27545916717017
1.8080369400047183,-1.5960325878589294,-0.40256012253766105,-1.5562876453447119,-1.037995558568938,1.7221391205961394
0.9418251951065545,-0.7549574284607821,-0.5317838098514305,-0.9081508695253828,-1.0670464778095958,1.0229370910372109
0.8992699632274997,-0.9255839823013584,-0.4935519496994289,-0.9742602917835763,-0.9878166980623543,0.9738185782476831
0.8354371154089172,-0.8118329464076408,-0.5164910657906264,-0.7759320250089958,-1.040636551227177,0.8755815526686279
0.7928818835298624,-0.6412063925670645,-0.5470765539122259,-0.6437131804926088,-0.9349968448975315,0.8510222962738636
0.7503266516508076,-0.5843308746202057,-0.5317838098514305,-0.44538491371802846,-1.1198663309744186,0.8264630398790994
0.7503266516508076,-0.527455356673347,-0.5011983217298223,-0.511494335976222,-0.9614067714799354,0.7773445270895718
0.7716042675903354,-0.5843308746202057,-0.5394301818818238,-0.511494335976222,-1.0274315879359674,0.8264630398790994
